             precision    recall  f1-score   support

           0       0.99      1.00      1.00       346
           1       1.00      0.97      0.98       346
           2       0.98      0.99      0.99       328
           3       0.99      0.99      0.99       340
           4       0.99      0.99      0.99       331
           5       0.99      1.00      0.99       359
           6       0.99      1.00      1.00       340
           7       0.98      0.99      0.99       321
           8       0.98      1.00      0.99       324
           9       1.00      0.97      0.99       335
           ກ       1.00      1.00      1.00       351
           ຂ       0.98      0.99      0.99       336
           ຄ       0.99      0.99      0.99       346
           ງ       0.92      0.99      0.95       348
           ຈ       0.97      0.98      0.97       321
           ສ       1.00      1.00      1.00       346
           ຊ       0.99      0.99      0.99       346
           ຍ       0.99      0.99      0.99       328
           ດ       0.99      0.97      0.98       355
           ຕ       1.00      0.99      1.00       327
           ຖ       1.00      1.00      1.00       356
           ທ       0.95      0.99      0.97       320
           ນ       0.97      0.99      0.98       340
           ບ       0.99      0.96      0.98       317
           ປ       1.00      0.98      0.99       316
           ຜ       0.99      0.99      0.99       322
           ຝ       1.00      1.00      1.00       314
           ພ       0.99      0.98      0.99       315
           ຟ       0.98      1.00      0.99       301
           ມ       0.99      0.99      0.99       346
           ຢ       0.98      1.00      0.99       347
           ລ       0.99      0.98      0.99       324
           ວ       0.99      0.96      0.98       321
           ຫ       0.99      0.93      0.96       336
           ອ       0.98      0.99      0.98       355
           ຮ       0.95      1.00      0.97       310
           ໜ       1.00      0.97      0.98       306
           ໝ       0.97      1.00      0.99       361
           ຣ       0.98      0.96      0.97       344
           ະ       1.00      1.00      1.00       321
           ັ       0.99      0.98      0.99       311
           າ       0.99      0.86      0.92       330
           ິ       0.96      0.98      0.97       347
           ີ       0.97      1.00      0.98       353
           ຶ       0.96      0.97      0.96       350
           ື       0.94      0.98      0.96       330
           ຸ       0.99      0.90      0.94       343
           ູ       0.94      0.98      0.96       341
           ົ       1.00      0.97      0.99       341
          ຫຼ       0.98      1.00      0.99       360
           ຽ       0.99      0.97      0.98       331
           ເ       0.98      1.00      0.99       344
           ແ       0.98      1.00      0.99       349
           ໂ       0.99      0.97      0.98       346
           ໃ       0.90      0.94      0.92       347
           ໄ       0.89      0.90      0.90       320
           ໆ       0.97      0.99      0.98       366
           ່       0.96      0.97      0.96       333
           ້       0.96      0.98      0.97       333
           ໊       0.98      0.85      0.91       310
           ໋       0.96      0.96      0.96       340
           ໌       0.96      0.92      0.94       359
           ໍ       0.92      1.00      0.95       338

    accuracy                           0.98     21168
   macro avg       0.98      0.98      0.98     21168
weighted avg       0.98      0.98      0.98     21168